position:
  rows: 1
  cols: 3
  data: [0,0,0]

orientation:
  rows: 4
  cols: 1
  data: [0,0,-0.991445,0.130525]
